{
 "cells": [
  {
   "cell_type": "markdown",
   "metadata": {},
   "source": [
    "# QAOA Implementation Demo\n",
    "**Author: Cooper Midroni**\n",
    "<br>\n",
    "cooper@entropicalabs.com\n",
    "\n",
    "In this notebook we demonstrate a start-to-finish project workflow for using Quantum Approximate Optimization Algorithm to cluster a simple dataset. Along the way, we will explain the major concepts of QAOA and build intuition as to how QAOA can be used to solve clustering problems. This notebook will steer away from heavy mathematical explanations in favor of a higher level overview of the algorithm's core components. We recognize that understanding QAOA's mathematics is a valuable lens for using this tool, and have created a second notebook for the courageous few who wish to build this deeper understanding.\n",
    "\n",
    "We recommend to all that they first use this notebook, as the two are made to provide one cohesive narrative and each contain unique information.\n",
    "\n",
    "## Index\n",
    "1. Variational Hybrid Algorithms\n",
    "2. Understanding MAXCUT\n",
    "3. Cost Function\n",
    "4. Adiabatic Computing\n",
    "5. Understanding QAOA Parameter Schemes\n",
    "6. Additional Workflow Tools\n",
    "7. Conclusions"
   ]
  },
  {
   "cell_type": "markdown",
   "metadata": {},
   "source": [
    "***\n",
    "## Variational Hybrid Algorithms\n",
    "\n",
    "We often take for granted the many decades of progress that lead to today's widespread use of classical computers. As memory and compute power become ever cheapened by Moore's Law, the pressure to find optimal resource allocations for algorithms shrinks away. However, with quantum computers in their early stages, they still feel this daunting requirement. In response to this, a family of algorithms known as *variational hybrid quantum-classical algorithms* was created, with the notion that quantum resources can be made more useful when partnered with classical routines. The Quantum Approximate Optimization Algorithm (QAOA), belongs to the family of variatonal hybrid algorithms. \n",
    "\n",
    "We can infer a lot from merely unpacking this name. The presence of '*variational*' tells us these algorithms will follow an iterative approach, while '*hybrid*' tells us they will leverage the use of both quantum and classical computers. In fact, this describes the main flow of the algorithm, with all that needs be answered is *when* does this iteration stop and *what* information is passed between devices.\n",
    "\n",
    "<center><img src=\"imgs/general_variational.png\" style=\"width:600px\";></center>\n",
    "<center><i> A visual representation of a generic variational hybrid quantum-classical algorithm.</i></center>\n",
    "\n",
    "To answer the question of *what*, we note that the main goal of QAOA is optimize a set of **parameters**, which we denote as $\\vec{\\gamma}$ and $\\vec{\\beta}$. You'll notice that these symbols are vectors, as such they are $n-$length. We discuss later what aspects of our problem decide the value of $n$ in the second notebook. \n",
    "\n",
    "$\\vec{\\gamma}$ and $\\vec{\\beta}$ parameterize a **cost function** which is evaluated with our **Quantum Circuit** to produce a cost value. This output value is input to the optimizer, and is used to determine whether the nudging of our parameters is in a direction of lower cost. We will sometimes call the cost value an **expectation value**, represented by $\\langle\\psi|Cost|\\psi\\rangle$, which is the expected value of the function $Cost$ over the **wave function** $\\psi$. If you were caught off guard by the term 'wave function' (a common terminology in physics), then it is equally as effective to think of $\\langle\\psi|Cost|\\psi\\rangle$ as being the notion of cost as in the more traditional machine learning sense. The **Classical Optimizer** will return updated parameters to the quantum circuit for re-evaluation, and the cycle repeats. \n",
    "\n",
    "*When* does this algorithm stop? Well, once a stopping criterion is met of course. This criterion is often a pre-defined maximum number of iterations, or occurs after a repeat number of evaluations land within the same threshold of convergence (a tolerance for the cost value in which we consider numbers within an $\\epsilon-$window the same). Once this criterion is met, the **optimized parameters** are returned and used to define the solution. \n",
    "\n",
    "<br>\n",
    "<center><img src=\"imgs/variational.png\" style=\"width:600px\";></center>\n",
    "<center><i> A visual representation of QAOA in the format of a variational hybrid algorithm.</i></center>\n",
    "<br>\n",
    "\n",
    "The above description should leave you with many questions.\n",
    "- How does the above process solve a clustering problem?\n",
    "- How exactly do $\\vec{\\gamma}$ and $\\vec{\\beta}$ define the solution?\n",
    "- How do we define a meaningful cost function for our problem?\n",
    "- What in the world is a wave function?\n",
    "\n",
    "We hope to answer these and more. For now, if you feel comfortable with the critical vocabulary of QAOA (the bolded words), then you'll be well prepared for the explanations below.\n",
    "***\n",
    "## Data Preparation\n",
    "Now let's get to the fun part! We will import our data and define the problem setting as a highly manicured example for this clustering demo. \n",
    "\n",
    "The dataset we will be using is the **Pokemon dataset**, which can be found on [Github](https://gist.github.com/armgilles/194bcff35001e7eb53a2a8b441e8b2c6). In our journey to Catch 'Em All, we will attempt to cluster Pokemon into Legendary and non-Legendary classes. \n",
    "\n",
    "### Import Libraries"
   ]
  },
  {
   "cell_type": "code",
   "execution_count": 1,
   "metadata": {},
   "outputs": [],
   "source": [
    "import pandas as pd\n",
    "import numpy as np\n",
    "import matplotlib.pyplot as plt"
   ]
  },
  {
   "cell_type": "markdown",
   "metadata": {},
   "source": [
    "### Import Data\n"
   ]
  },
  {
   "cell_type": "code",
   "execution_count": 2,
   "metadata": {
    "scrolled": true
   },
   "outputs": [
    {
     "data": {
      "text/html": [
       "<div>\n",
       "<style scoped>\n",
       "    .dataframe tbody tr th:only-of-type {\n",
       "        vertical-align: middle;\n",
       "    }\n",
       "\n",
       "    .dataframe tbody tr th {\n",
       "        vertical-align: top;\n",
       "    }\n",
       "\n",
       "    .dataframe thead th {\n",
       "        text-align: right;\n",
       "    }\n",
       "</style>\n",
       "<table border=\"1\" class=\"dataframe\">\n",
       "  <thead>\n",
       "    <tr style=\"text-align: right;\">\n",
       "      <th></th>\n",
       "      <th>Name</th>\n",
       "      <th>Type 1</th>\n",
       "      <th>Type 2</th>\n",
       "      <th>Total</th>\n",
       "      <th>HP</th>\n",
       "      <th>Attack</th>\n",
       "      <th>Defense</th>\n",
       "      <th>Sp. Atk</th>\n",
       "      <th>Sp. Def</th>\n",
       "      <th>Speed</th>\n",
       "      <th>Generation</th>\n",
       "      <th>Legendary</th>\n",
       "    </tr>\n",
       "    <tr>\n",
       "      <th>ID</th>\n",
       "      <th></th>\n",
       "      <th></th>\n",
       "      <th></th>\n",
       "      <th></th>\n",
       "      <th></th>\n",
       "      <th></th>\n",
       "      <th></th>\n",
       "      <th></th>\n",
       "      <th></th>\n",
       "      <th></th>\n",
       "      <th></th>\n",
       "      <th></th>\n",
       "    </tr>\n",
       "  </thead>\n",
       "  <tbody>\n",
       "    <tr>\n",
       "      <th>1</th>\n",
       "      <td>Bulbasaur</td>\n",
       "      <td>Grass</td>\n",
       "      <td>Poison</td>\n",
       "      <td>318</td>\n",
       "      <td>45</td>\n",
       "      <td>49</td>\n",
       "      <td>49</td>\n",
       "      <td>65</td>\n",
       "      <td>65</td>\n",
       "      <td>45</td>\n",
       "      <td>1</td>\n",
       "      <td>False</td>\n",
       "    </tr>\n",
       "    <tr>\n",
       "      <th>2</th>\n",
       "      <td>Ivysaur</td>\n",
       "      <td>Grass</td>\n",
       "      <td>Poison</td>\n",
       "      <td>405</td>\n",
       "      <td>60</td>\n",
       "      <td>62</td>\n",
       "      <td>63</td>\n",
       "      <td>80</td>\n",
       "      <td>80</td>\n",
       "      <td>60</td>\n",
       "      <td>1</td>\n",
       "      <td>False</td>\n",
       "    </tr>\n",
       "    <tr>\n",
       "      <th>3</th>\n",
       "      <td>Venusaur</td>\n",
       "      <td>Grass</td>\n",
       "      <td>Poison</td>\n",
       "      <td>525</td>\n",
       "      <td>80</td>\n",
       "      <td>82</td>\n",
       "      <td>83</td>\n",
       "      <td>100</td>\n",
       "      <td>100</td>\n",
       "      <td>80</td>\n",
       "      <td>1</td>\n",
       "      <td>False</td>\n",
       "    </tr>\n",
       "    <tr>\n",
       "      <th>4</th>\n",
       "      <td>Charmander</td>\n",
       "      <td>Fire</td>\n",
       "      <td>NaN</td>\n",
       "      <td>309</td>\n",
       "      <td>39</td>\n",
       "      <td>52</td>\n",
       "      <td>43</td>\n",
       "      <td>60</td>\n",
       "      <td>50</td>\n",
       "      <td>65</td>\n",
       "      <td>1</td>\n",
       "      <td>False</td>\n",
       "    </tr>\n",
       "    <tr>\n",
       "      <th>5</th>\n",
       "      <td>Charmeleon</td>\n",
       "      <td>Fire</td>\n",
       "      <td>NaN</td>\n",
       "      <td>405</td>\n",
       "      <td>58</td>\n",
       "      <td>64</td>\n",
       "      <td>58</td>\n",
       "      <td>80</td>\n",
       "      <td>65</td>\n",
       "      <td>80</td>\n",
       "      <td>1</td>\n",
       "      <td>False</td>\n",
       "    </tr>\n",
       "  </tbody>\n",
       "</table>\n",
       "</div>"
      ],
      "text/plain": [
       "          Name Type 1  Type 2  Total  HP  Attack  Defense  Sp. Atk  Sp. Def  \\\n",
       "ID                                                                            \n",
       "1    Bulbasaur  Grass  Poison    318  45      49       49       65       65   \n",
       "2      Ivysaur  Grass  Poison    405  60      62       63       80       80   \n",
       "3     Venusaur  Grass  Poison    525  80      82       83      100      100   \n",
       "4   Charmander   Fire     NaN    309  39      52       43       60       50   \n",
       "5   Charmeleon   Fire     NaN    405  58      64       58       80       65   \n",
       "\n",
       "    Speed  Generation  Legendary  \n",
       "ID                                \n",
       "1      45           1      False  \n",
       "2      60           1      False  \n",
       "3      80           1      False  \n",
       "4      65           1      False  \n",
       "5      80           1      False  "
      ]
     },
     "execution_count": 2,
     "metadata": {},
     "output_type": "execute_result"
    }
   ],
   "source": [
    "df = pd.read_csv('./data/pokemon.csv')\n",
    "df = df.set_index('#') #index pokemon by their ID number\n",
    "df = df.rename_axis('ID') #rename axis to 'ID' instead of '#'\n",
    "df = df.loc[~df.index.duplicated(keep='first')] #drop duplicates\n",
    "df.head()"
   ]
  },
  {
   "cell_type": "markdown",
   "metadata": {},
   "source": [
    "To avoid the many bells and whistles of later iterations of Pokemon games, we'll stick to our roots and only consider Pokemon from the first three generations."
   ]
  },
  {
   "cell_type": "code",
   "execution_count": 3,
   "metadata": {},
   "outputs": [
    {
     "data": {
      "text/html": [
       "<div>\n",
       "<style scoped>\n",
       "    .dataframe tbody tr th:only-of-type {\n",
       "        vertical-align: middle;\n",
       "    }\n",
       "\n",
       "    .dataframe tbody tr th {\n",
       "        vertical-align: top;\n",
       "    }\n",
       "\n",
       "    .dataframe thead th {\n",
       "        text-align: right;\n",
       "    }\n",
       "</style>\n",
       "<table border=\"1\" class=\"dataframe\">\n",
       "  <thead>\n",
       "    <tr style=\"text-align: right;\">\n",
       "      <th></th>\n",
       "      <th>Name</th>\n",
       "      <th>Type 1</th>\n",
       "      <th>Type 2</th>\n",
       "      <th>Total</th>\n",
       "      <th>HP</th>\n",
       "      <th>Attack</th>\n",
       "      <th>Defense</th>\n",
       "      <th>Sp. Atk</th>\n",
       "      <th>Sp. Def</th>\n",
       "      <th>Speed</th>\n",
       "      <th>Generation</th>\n",
       "      <th>Legendary</th>\n",
       "    </tr>\n",
       "    <tr>\n",
       "      <th>ID</th>\n",
       "      <th></th>\n",
       "      <th></th>\n",
       "      <th></th>\n",
       "      <th></th>\n",
       "      <th></th>\n",
       "      <th></th>\n",
       "      <th></th>\n",
       "      <th></th>\n",
       "      <th></th>\n",
       "      <th></th>\n",
       "      <th></th>\n",
       "      <th></th>\n",
       "    </tr>\n",
       "  </thead>\n",
       "  <tbody>\n",
       "    <tr>\n",
       "      <th>158</th>\n",
       "      <td>Totodile</td>\n",
       "      <td>Water</td>\n",
       "      <td>NaN</td>\n",
       "      <td>314</td>\n",
       "      <td>50</td>\n",
       "      <td>65</td>\n",
       "      <td>64</td>\n",
       "      <td>44</td>\n",
       "      <td>48</td>\n",
       "      <td>43</td>\n",
       "      <td>2</td>\n",
       "      <td>False</td>\n",
       "    </tr>\n",
       "    <tr>\n",
       "      <th>127</th>\n",
       "      <td>Pinsir</td>\n",
       "      <td>Bug</td>\n",
       "      <td>NaN</td>\n",
       "      <td>500</td>\n",
       "      <td>65</td>\n",
       "      <td>125</td>\n",
       "      <td>100</td>\n",
       "      <td>55</td>\n",
       "      <td>70</td>\n",
       "      <td>85</td>\n",
       "      <td>1</td>\n",
       "      <td>False</td>\n",
       "    </tr>\n",
       "    <tr>\n",
       "      <th>173</th>\n",
       "      <td>Cleffa</td>\n",
       "      <td>Fairy</td>\n",
       "      <td>NaN</td>\n",
       "      <td>218</td>\n",
       "      <td>50</td>\n",
       "      <td>25</td>\n",
       "      <td>28</td>\n",
       "      <td>45</td>\n",
       "      <td>55</td>\n",
       "      <td>15</td>\n",
       "      <td>2</td>\n",
       "      <td>False</td>\n",
       "    </tr>\n",
       "    <tr>\n",
       "      <th>104</th>\n",
       "      <td>Cubone</td>\n",
       "      <td>Ground</td>\n",
       "      <td>NaN</td>\n",
       "      <td>320</td>\n",
       "      <td>50</td>\n",
       "      <td>50</td>\n",
       "      <td>95</td>\n",
       "      <td>40</td>\n",
       "      <td>50</td>\n",
       "      <td>35</td>\n",
       "      <td>1</td>\n",
       "      <td>False</td>\n",
       "    </tr>\n",
       "    <tr>\n",
       "      <th>262</th>\n",
       "      <td>Mightyena</td>\n",
       "      <td>Dark</td>\n",
       "      <td>NaN</td>\n",
       "      <td>420</td>\n",
       "      <td>70</td>\n",
       "      <td>90</td>\n",
       "      <td>70</td>\n",
       "      <td>60</td>\n",
       "      <td>60</td>\n",
       "      <td>70</td>\n",
       "      <td>3</td>\n",
       "      <td>False</td>\n",
       "    </tr>\n",
       "  </tbody>\n",
       "</table>\n",
       "</div>"
      ],
      "text/plain": [
       "          Name  Type 1 Type 2  Total  HP  Attack  Defense  Sp. Atk  Sp. Def  \\\n",
       "ID                                                                            \n",
       "158   Totodile   Water    NaN    314  50      65       64       44       48   \n",
       "127     Pinsir     Bug    NaN    500  65     125      100       55       70   \n",
       "173     Cleffa   Fairy    NaN    218  50      25       28       45       55   \n",
       "104     Cubone  Ground    NaN    320  50      50       95       40       50   \n",
       "262  Mightyena    Dark    NaN    420  70      90       70       60       60   \n",
       "\n",
       "     Speed  Generation  Legendary  \n",
       "ID                                 \n",
       "158     43           2      False  \n",
       "127     85           1      False  \n",
       "173     15           2      False  \n",
       "104     35           1      False  \n",
       "262     70           3      False  "
      ]
     },
     "execution_count": 3,
     "metadata": {},
     "output_type": "execute_result"
    }
   ],
   "source": [
    "df = df.loc[df['Generation']<=3]\n",
    "df.sample(frac=1).head() #sample the whole dataset (frac=1) to shuffle the arrangement"
   ]
  },
  {
   "cell_type": "code",
   "execution_count": 4,
   "metadata": {},
   "outputs": [
    {
     "name": "stdout",
     "output_type": "stream",
     "text": [
      "Percent of Non-Legendary Pokemon: 0.95\n",
      "Percent of Legendary Pokemon: 0.05\n"
     ]
    }
   ],
   "source": [
    "print('Percent of Non-Legendary Pokemon: %.2f' %((df.Legendary.count()-df.Legendary.sum())/df.Legendary.count()))\n",
    "print('Percent of Legendary Pokemon: %.2f' %((df.Legendary.sum())/df.Legendary.count()))"
   ]
  },
  {
   "cell_type": "markdown",
   "metadata": {},
   "source": [
    "We can see that the classes are quite unevenly distributed. To remedy this, we will randomly select 5 Legendary and 5 Non-Legendary Pokemon to act as our samples to be clustered."
   ]
  },
  {
   "cell_type": "code",
   "execution_count": 5,
   "metadata": {},
   "outputs": [],
   "source": [
    "legendary = df.loc[df['Legendary'] == True].sample(5)\n",
    "non_legendary = df.loc[df['Legendary'] == False].sample(5)\n",
    "pokemon = pd.concat([legendary,non_legendary])"
   ]
  },
  {
   "cell_type": "markdown",
   "metadata": {},
   "source": [
    "To further simplify the problem, and not worry about the encoding of categorical data, we will only consider numerical values in our clustering of the data."
   ]
  },
  {
   "cell_type": "code",
   "execution_count": 6,
   "metadata": {},
   "outputs": [],
   "source": [
    "numerical_columns = ['Total','HP','Attack','Defense','Sp. Atk','Sp. Def','Speed']"
   ]
  },
  {
   "cell_type": "code",
   "execution_count": 7,
   "metadata": {},
   "outputs": [
    {
     "data": {
      "text/html": [
       "<div>\n",
       "<style scoped>\n",
       "    .dataframe tbody tr th:only-of-type {\n",
       "        vertical-align: middle;\n",
       "    }\n",
       "\n",
       "    .dataframe tbody tr th {\n",
       "        vertical-align: top;\n",
       "    }\n",
       "\n",
       "    .dataframe thead th {\n",
       "        text-align: right;\n",
       "    }\n",
       "</style>\n",
       "<table border=\"1\" class=\"dataframe\">\n",
       "  <thead>\n",
       "    <tr style=\"text-align: right;\">\n",
       "      <th></th>\n",
       "      <th>Total</th>\n",
       "      <th>HP</th>\n",
       "      <th>Attack</th>\n",
       "      <th>Defense</th>\n",
       "      <th>Sp. Atk</th>\n",
       "      <th>Sp. Def</th>\n",
       "      <th>Speed</th>\n",
       "    </tr>\n",
       "    <tr>\n",
       "      <th>ID</th>\n",
       "      <th></th>\n",
       "      <th></th>\n",
       "      <th></th>\n",
       "      <th></th>\n",
       "      <th></th>\n",
       "      <th></th>\n",
       "      <th></th>\n",
       "    </tr>\n",
       "  </thead>\n",
       "  <tbody>\n",
       "    <tr>\n",
       "      <th>381</th>\n",
       "      <td>600</td>\n",
       "      <td>80</td>\n",
       "      <td>90</td>\n",
       "      <td>80</td>\n",
       "      <td>130</td>\n",
       "      <td>110</td>\n",
       "      <td>110</td>\n",
       "    </tr>\n",
       "    <tr>\n",
       "      <th>250</th>\n",
       "      <td>680</td>\n",
       "      <td>106</td>\n",
       "      <td>130</td>\n",
       "      <td>90</td>\n",
       "      <td>110</td>\n",
       "      <td>154</td>\n",
       "      <td>90</td>\n",
       "    </tr>\n",
       "    <tr>\n",
       "      <th>383</th>\n",
       "      <td>670</td>\n",
       "      <td>100</td>\n",
       "      <td>150</td>\n",
       "      <td>140</td>\n",
       "      <td>100</td>\n",
       "      <td>90</td>\n",
       "      <td>90</td>\n",
       "    </tr>\n",
       "    <tr>\n",
       "      <th>146</th>\n",
       "      <td>580</td>\n",
       "      <td>90</td>\n",
       "      <td>100</td>\n",
       "      <td>90</td>\n",
       "      <td>125</td>\n",
       "      <td>85</td>\n",
       "      <td>90</td>\n",
       "    </tr>\n",
       "    <tr>\n",
       "      <th>245</th>\n",
       "      <td>580</td>\n",
       "      <td>100</td>\n",
       "      <td>75</td>\n",
       "      <td>115</td>\n",
       "      <td>90</td>\n",
       "      <td>115</td>\n",
       "      <td>85</td>\n",
       "    </tr>\n",
       "  </tbody>\n",
       "</table>\n",
       "</div>"
      ],
      "text/plain": [
       "     Total   HP  Attack  Defense  Sp. Atk  Sp. Def  Speed\n",
       "ID                                                       \n",
       "381    600   80      90       80      130      110    110\n",
       "250    680  106     130       90      110      154     90\n",
       "383    670  100     150      140      100       90     90\n",
       "146    580   90     100       90      125       85     90\n",
       "245    580  100      75      115       90      115     85"
      ]
     },
     "execution_count": 7,
     "metadata": {},
     "output_type": "execute_result"
    }
   ],
   "source": [
    "labels = pokemon['Legendary']\n",
    "data = pokemon[numerical_columns].copy()\n",
    "data.head()"
   ]
  },
  {
   "cell_type": "markdown",
   "metadata": {},
   "source": [
    "We now have a dataset which is ready to be processed, but we may not be exactly clear on what to do with it. For that we must further understand how the QAOA process detailed above is actually used to solve a clustering problem.\n",
    "***\n",
    "## Understanding Maxcut\n",
    "\n",
    "As laid out by [Rigetti's paper on QAOA](https://arxiv.org/pdf/1712.05771.pdf), there are a number of important steps that we must follow to map the problem of clustering into a format which QAOA can process. Broadly speaking, QAOA solves the **MAXCUT** problem, in which a graph of $n$ vertices is separated into two complementary subsets, $S$ and $S^{c}$, such that the number of edges between $S$ and $S^{c}$ is as large as possible.\n",
    "<br>\n",
    "<br>\n",
    "<center><img src=\"imgs/maxcut.png\"></center>\n",
    "<center><i> A depiction of the maxcut problem, displaying a cut which separates white and black vertices.</i></center>\n",
    "<br>\n",
    "<br>    \n",
    "This problem can be made more sophisticated by adding numerical values as <i>weights</i> to the edges, such that the best solution maximizes the sum of weights which separate $S$ and $S^{c}$. This is precisely the approach we take in using MAXCUT to cluster our data. \n",
    "\n",
    "We allow the weights associated to each edge to be some notion of distance between points. In this way, the sets dictated by our optimal cut, $S$ and $S^{c}$, separate the data into binary clusters which are maximally distant (and hence, maximally dissimilar) from one another.\n",
    "\n",
    "From our current understanding, we can already begin to formulate some first steps in preparing our data to fit this frameowrk.\n",
    "\n",
    "We can use SciPy's built in `distance_matrix` function to easily turn this set of points into the desired matrix of pairwise distances. Recall, that a distance matrix can be interpretted as the adjacency matrix of a graph."
   ]
  },
  {
   "cell_type": "code",
   "execution_count": 8,
   "metadata": {},
   "outputs": [],
   "source": [
    "from scipy.spatial.distance import cdist"
   ]
  },
  {
   "cell_type": "code",
   "execution_count": 9,
   "metadata": {},
   "outputs": [],
   "source": [
    "test = cdist(data.values,data.values,'euclidean')"
   ]
  },
  {
   "cell_type": "code",
   "execution_count": 10,
   "metadata": {},
   "outputs": [
    {
     "data": {
      "text/html": [
       "<div>\n",
       "<style scoped>\n",
       "    .dataframe tbody tr th:only-of-type {\n",
       "        vertical-align: middle;\n",
       "    }\n",
       "\n",
       "    .dataframe tbody tr th {\n",
       "        vertical-align: top;\n",
       "    }\n",
       "\n",
       "    .dataframe thead th {\n",
       "        text-align: right;\n",
       "    }\n",
       "</style>\n",
       "<table border=\"1\" class=\"dataframe\">\n",
       "  <thead>\n",
       "    <tr style=\"text-align: right;\">\n",
       "      <th>ID</th>\n",
       "      <th>381</th>\n",
       "      <th>250</th>\n",
       "      <th>383</th>\n",
       "      <th>146</th>\n",
       "      <th>245</th>\n",
       "      <th>334</th>\n",
       "      <th>61</th>\n",
       "      <th>272</th>\n",
       "      <th>30</th>\n",
       "      <th>320</th>\n",
       "    </tr>\n",
       "    <tr>\n",
       "      <th>ID</th>\n",
       "      <th></th>\n",
       "      <th></th>\n",
       "      <th></th>\n",
       "      <th></th>\n",
       "      <th></th>\n",
       "      <th></th>\n",
       "      <th></th>\n",
       "      <th></th>\n",
       "      <th></th>\n",
       "      <th></th>\n",
       "    </tr>\n",
       "  </thead>\n",
       "  <tbody>\n",
       "    <tr>\n",
       "      <th>381</th>\n",
       "      <td>0.000000</td>\n",
       "      <td>107.293989</td>\n",
       "      <td>119.163753</td>\n",
       "      <td>41.833001</td>\n",
       "      <td>67.082039</td>\n",
       "      <td>130.958009</td>\n",
       "      <td>240.208243</td>\n",
       "      <td>134.907376</td>\n",
       "      <td>260.468808</td>\n",
       "      <td>238.012605</td>\n",
       "    </tr>\n",
       "    <tr>\n",
       "      <th>250</th>\n",
       "      <td>107.293989</td>\n",
       "      <td>0.000000</td>\n",
       "      <td>85.041167</td>\n",
       "      <td>127.051171</td>\n",
       "      <td>125.027997</td>\n",
       "      <td>211.570319</td>\n",
       "      <td>328.590931</td>\n",
       "      <td>219.981817</td>\n",
       "      <td>345.913284</td>\n",
       "      <td>319.784302</td>\n",
       "    </tr>\n",
       "    <tr>\n",
       "      <th>383</th>\n",
       "      <td>119.163753</td>\n",
       "      <td>85.041167</td>\n",
       "      <td>0.000000</td>\n",
       "      <td>117.686023</td>\n",
       "      <td>122.882057</td>\n",
       "      <td>207.725781</td>\n",
       "      <td>315.277655</td>\n",
       "      <td>220.000000</td>\n",
       "      <td>333.772378</td>\n",
       "      <td>309.919344</td>\n",
       "    </tr>\n",
       "    <tr>\n",
       "      <th>146</th>\n",
       "      <td>41.833001</td>\n",
       "      <td>127.051171</td>\n",
       "      <td>117.686023</td>\n",
       "      <td>0.000000</td>\n",
       "      <td>59.160798</td>\n",
       "      <td>112.915898</td>\n",
       "      <td>217.600551</td>\n",
       "      <td>115.108644</td>\n",
       "      <td>235.698961</td>\n",
       "      <td>210.594397</td>\n",
       "    </tr>\n",
       "    <tr>\n",
       "      <th>245</th>\n",
       "      <td>67.082039</td>\n",
       "      <td>125.027997</td>\n",
       "      <td>122.882057</td>\n",
       "      <td>59.160798</td>\n",
       "      <td>0.000000</td>\n",
       "      <td>99.498744</td>\n",
       "      <td>218.403297</td>\n",
       "      <td>113.578167</td>\n",
       "      <td>235.082964</td>\n",
       "      <td>217.140508</td>\n",
       "    </tr>\n",
       "    <tr>\n",
       "      <th>334</th>\n",
       "      <td>130.958009</td>\n",
       "      <td>211.570319</td>\n",
       "      <td>207.725781</td>\n",
       "      <td>112.915898</td>\n",
       "      <td>99.498744</td>\n",
       "      <td>0.000000</td>\n",
       "      <td>123.693169</td>\n",
       "      <td>32.403703</td>\n",
       "      <td>139.799857</td>\n",
       "      <td>139.463257</td>\n",
       "    </tr>\n",
       "    <tr>\n",
       "      <th>61</th>\n",
       "      <td>240.208243</td>\n",
       "      <td>328.590931</td>\n",
       "      <td>315.277655</td>\n",
       "      <td>217.600551</td>\n",
       "      <td>218.403297</td>\n",
       "      <td>123.693169</td>\n",
       "      <td>0.000000</td>\n",
       "      <td>117.473401</td>\n",
       "      <td>40.546270</td>\n",
       "      <td>83.066239</td>\n",
       "    </tr>\n",
       "    <tr>\n",
       "      <th>272</th>\n",
       "      <td>134.907376</td>\n",
       "      <td>219.981817</td>\n",
       "      <td>220.000000</td>\n",
       "      <td>115.108644</td>\n",
       "      <td>113.578167</td>\n",
       "      <td>32.403703</td>\n",
       "      <td>117.473401</td>\n",
       "      <td>0.000000</td>\n",
       "      <td>129.784437</td>\n",
       "      <td>121.860576</td>\n",
       "    </tr>\n",
       "    <tr>\n",
       "      <th>30</th>\n",
       "      <td>260.468808</td>\n",
       "      <td>345.913284</td>\n",
       "      <td>333.772378</td>\n",
       "      <td>235.698961</td>\n",
       "      <td>235.082964</td>\n",
       "      <td>139.799857</td>\n",
       "      <td>40.546270</td>\n",
       "      <td>129.784437</td>\n",
       "      <td>0.000000</td>\n",
       "      <td>80.956779</td>\n",
       "    </tr>\n",
       "    <tr>\n",
       "      <th>320</th>\n",
       "      <td>238.012605</td>\n",
       "      <td>319.784302</td>\n",
       "      <td>309.919344</td>\n",
       "      <td>210.594397</td>\n",
       "      <td>217.140508</td>\n",
       "      <td>139.463257</td>\n",
       "      <td>83.066239</td>\n",
       "      <td>121.860576</td>\n",
       "      <td>80.956779</td>\n",
       "      <td>0.000000</td>\n",
       "    </tr>\n",
       "  </tbody>\n",
       "</table>\n",
       "</div>"
      ],
      "text/plain": [
       "ID          381         250         383         146         245         334  \\\n",
       "ID                                                                            \n",
       "381    0.000000  107.293989  119.163753   41.833001   67.082039  130.958009   \n",
       "250  107.293989    0.000000   85.041167  127.051171  125.027997  211.570319   \n",
       "383  119.163753   85.041167    0.000000  117.686023  122.882057  207.725781   \n",
       "146   41.833001  127.051171  117.686023    0.000000   59.160798  112.915898   \n",
       "245   67.082039  125.027997  122.882057   59.160798    0.000000   99.498744   \n",
       "334  130.958009  211.570319  207.725781  112.915898   99.498744    0.000000   \n",
       "61   240.208243  328.590931  315.277655  217.600551  218.403297  123.693169   \n",
       "272  134.907376  219.981817  220.000000  115.108644  113.578167   32.403703   \n",
       "30   260.468808  345.913284  333.772378  235.698961  235.082964  139.799857   \n",
       "320  238.012605  319.784302  309.919344  210.594397  217.140508  139.463257   \n",
       "\n",
       "ID          61          272         30          320  \n",
       "ID                                                   \n",
       "381  240.208243  134.907376  260.468808  238.012605  \n",
       "250  328.590931  219.981817  345.913284  319.784302  \n",
       "383  315.277655  220.000000  333.772378  309.919344  \n",
       "146  217.600551  115.108644  235.698961  210.594397  \n",
       "245  218.403297  113.578167  235.082964  217.140508  \n",
       "334  123.693169   32.403703  139.799857  139.463257  \n",
       "61     0.000000  117.473401   40.546270   83.066239  \n",
       "272  117.473401    0.000000  129.784437  121.860576  \n",
       "30    40.546270  129.784437    0.000000   80.956779  \n",
       "320   83.066239  121.860576   80.956779    0.000000  "
      ]
     },
     "execution_count": 10,
     "metadata": {},
     "output_type": "execute_result"
    }
   ],
   "source": [
    "pd.DataFrame(test,index=data.index,columns=data.index)"
   ]
  },
  {
   "cell_type": "code",
   "execution_count": 11,
   "metadata": {},
   "outputs": [],
   "source": [
    "from forest_qaoa.utilities import distances_dataset"
   ]
  },
  {
   "cell_type": "code",
   "execution_count": 12,
   "metadata": {},
   "outputs": [
    {
     "data": {
      "text/html": [
       "<div>\n",
       "<style scoped>\n",
       "    .dataframe tbody tr th:only-of-type {\n",
       "        vertical-align: middle;\n",
       "    }\n",
       "\n",
       "    .dataframe tbody tr th {\n",
       "        vertical-align: top;\n",
       "    }\n",
       "\n",
       "    .dataframe thead th {\n",
       "        text-align: right;\n",
       "    }\n",
       "</style>\n",
       "<table border=\"1\" class=\"dataframe\">\n",
       "  <thead>\n",
       "    <tr style=\"text-align: right;\">\n",
       "      <th>ID</th>\n",
       "      <th>381</th>\n",
       "      <th>250</th>\n",
       "      <th>383</th>\n",
       "      <th>146</th>\n",
       "      <th>245</th>\n",
       "      <th>334</th>\n",
       "      <th>61</th>\n",
       "      <th>272</th>\n",
       "      <th>30</th>\n",
       "      <th>320</th>\n",
       "    </tr>\n",
       "    <tr>\n",
       "      <th>ID</th>\n",
       "      <th></th>\n",
       "      <th></th>\n",
       "      <th></th>\n",
       "      <th></th>\n",
       "      <th></th>\n",
       "      <th></th>\n",
       "      <th></th>\n",
       "      <th></th>\n",
       "      <th></th>\n",
       "      <th></th>\n",
       "    </tr>\n",
       "  </thead>\n",
       "  <tbody>\n",
       "    <tr>\n",
       "      <th>381</th>\n",
       "      <td>0.000000</td>\n",
       "      <td>107.293989</td>\n",
       "      <td>119.163753</td>\n",
       "      <td>41.833001</td>\n",
       "      <td>67.082039</td>\n",
       "      <td>130.958009</td>\n",
       "      <td>240.208243</td>\n",
       "      <td>134.907376</td>\n",
       "      <td>260.468808</td>\n",
       "      <td>238.012605</td>\n",
       "    </tr>\n",
       "    <tr>\n",
       "      <th>250</th>\n",
       "      <td>107.293989</td>\n",
       "      <td>0.000000</td>\n",
       "      <td>85.041167</td>\n",
       "      <td>127.051171</td>\n",
       "      <td>125.027997</td>\n",
       "      <td>211.570319</td>\n",
       "      <td>328.590931</td>\n",
       "      <td>219.981817</td>\n",
       "      <td>345.913284</td>\n",
       "      <td>319.784302</td>\n",
       "    </tr>\n",
       "    <tr>\n",
       "      <th>383</th>\n",
       "      <td>119.163753</td>\n",
       "      <td>85.041167</td>\n",
       "      <td>0.000000</td>\n",
       "      <td>117.686023</td>\n",
       "      <td>122.882057</td>\n",
       "      <td>207.725781</td>\n",
       "      <td>315.277655</td>\n",
       "      <td>220.000000</td>\n",
       "      <td>333.772378</td>\n",
       "      <td>309.919344</td>\n",
       "    </tr>\n",
       "    <tr>\n",
       "      <th>146</th>\n",
       "      <td>41.833001</td>\n",
       "      <td>127.051171</td>\n",
       "      <td>117.686023</td>\n",
       "      <td>0.000000</td>\n",
       "      <td>59.160798</td>\n",
       "      <td>112.915898</td>\n",
       "      <td>217.600551</td>\n",
       "      <td>115.108644</td>\n",
       "      <td>235.698961</td>\n",
       "      <td>210.594397</td>\n",
       "    </tr>\n",
       "    <tr>\n",
       "      <th>245</th>\n",
       "      <td>67.082039</td>\n",
       "      <td>125.027997</td>\n",
       "      <td>122.882057</td>\n",
       "      <td>59.160798</td>\n",
       "      <td>0.000000</td>\n",
       "      <td>99.498744</td>\n",
       "      <td>218.403297</td>\n",
       "      <td>113.578167</td>\n",
       "      <td>235.082964</td>\n",
       "      <td>217.140508</td>\n",
       "    </tr>\n",
       "    <tr>\n",
       "      <th>334</th>\n",
       "      <td>130.958009</td>\n",
       "      <td>211.570319</td>\n",
       "      <td>207.725781</td>\n",
       "      <td>112.915898</td>\n",
       "      <td>99.498744</td>\n",
       "      <td>0.000000</td>\n",
       "      <td>123.693169</td>\n",
       "      <td>32.403703</td>\n",
       "      <td>139.799857</td>\n",
       "      <td>139.463257</td>\n",
       "    </tr>\n",
       "    <tr>\n",
       "      <th>61</th>\n",
       "      <td>240.208243</td>\n",
       "      <td>328.590931</td>\n",
       "      <td>315.277655</td>\n",
       "      <td>217.600551</td>\n",
       "      <td>218.403297</td>\n",
       "      <td>123.693169</td>\n",
       "      <td>0.000000</td>\n",
       "      <td>117.473401</td>\n",
       "      <td>40.546270</td>\n",
       "      <td>83.066239</td>\n",
       "    </tr>\n",
       "    <tr>\n",
       "      <th>272</th>\n",
       "      <td>134.907376</td>\n",
       "      <td>219.981817</td>\n",
       "      <td>220.000000</td>\n",
       "      <td>115.108644</td>\n",
       "      <td>113.578167</td>\n",
       "      <td>32.403703</td>\n",
       "      <td>117.473401</td>\n",
       "      <td>0.000000</td>\n",
       "      <td>129.784437</td>\n",
       "      <td>121.860576</td>\n",
       "    </tr>\n",
       "    <tr>\n",
       "      <th>30</th>\n",
       "      <td>260.468808</td>\n",
       "      <td>345.913284</td>\n",
       "      <td>333.772378</td>\n",
       "      <td>235.698961</td>\n",
       "      <td>235.082964</td>\n",
       "      <td>139.799857</td>\n",
       "      <td>40.546270</td>\n",
       "      <td>129.784437</td>\n",
       "      <td>0.000000</td>\n",
       "      <td>80.956779</td>\n",
       "    </tr>\n",
       "    <tr>\n",
       "      <th>320</th>\n",
       "      <td>238.012605</td>\n",
       "      <td>319.784302</td>\n",
       "      <td>309.919344</td>\n",
       "      <td>210.594397</td>\n",
       "      <td>217.140508</td>\n",
       "      <td>139.463257</td>\n",
       "      <td>83.066239</td>\n",
       "      <td>121.860576</td>\n",
       "      <td>80.956779</td>\n",
       "      <td>0.000000</td>\n",
       "    </tr>\n",
       "  </tbody>\n",
       "</table>\n",
       "</div>"
      ],
      "text/plain": [
       "ID          381         250         383         146         245         334  \\\n",
       "ID                                                                            \n",
       "381    0.000000  107.293989  119.163753   41.833001   67.082039  130.958009   \n",
       "250  107.293989    0.000000   85.041167  127.051171  125.027997  211.570319   \n",
       "383  119.163753   85.041167    0.000000  117.686023  122.882057  207.725781   \n",
       "146   41.833001  127.051171  117.686023    0.000000   59.160798  112.915898   \n",
       "245   67.082039  125.027997  122.882057   59.160798    0.000000   99.498744   \n",
       "334  130.958009  211.570319  207.725781  112.915898   99.498744    0.000000   \n",
       "61   240.208243  328.590931  315.277655  217.600551  218.403297  123.693169   \n",
       "272  134.907376  219.981817  220.000000  115.108644  113.578167   32.403703   \n",
       "30   260.468808  345.913284  333.772378  235.698961  235.082964  139.799857   \n",
       "320  238.012605  319.784302  309.919344  210.594397  217.140508  139.463257   \n",
       "\n",
       "ID          61          272         30          320  \n",
       "ID                                                   \n",
       "381  240.208243  134.907376  260.468808  238.012605  \n",
       "250  328.590931  219.981817  345.913284  319.784302  \n",
       "383  315.277655  220.000000  333.772378  309.919344  \n",
       "146  217.600551  115.108644  235.698961  210.594397  \n",
